2147483647C
53371510 21830
2215 1
2228 1
2237 1
2210 1
2217 1
2217 1
2228 1
2209 1
2209 1
2905 1
2879 1
2223 1
2203 1
2232 1
2208 1
2224 1
2212 1
2232 1
2234 1
2228 1
2211 1
2226 1
2224 1
2229 1
2229 1
2230 1
2231 1
2227 1
2211 1
2230 1
2224 1
2886 1
2880 1
2238 1
2213 1
2885 1
2226 1
2217 1
2217 1
2228 1
2230 1
2217 1
2233 1
2210 1
2229 1
2227 1
2234 1
2221 1
2237 1
2252 1
2252 1
2225 1
2231 1
2211 1
2230 1
2236 1
2231 1
2228 1
2230 1
2210 1
2218 1
2213 1
2234 1
2212 1
2209 1
2203 1
2227 1
2246 1
2225 1
2213 1
2210 1
2235 1
2230 1
2233 1
2223 1
2229 1
2215 1
2210 1
2224 1
2230 1
2234 1
2217 1
2232 1
2215 1
2212 1
2238 1
2233 1
2235 1
2223 1
2216 1
2214 1
2234 1
2211 1
2233 1
2232 1
2211 1
2241 1
2224 1
2239 1
2229 1
2242 1
2224 1
2235 1
2232 1
2238 1
2237 1
2224 1
2219 1
2221 1
2223 1
2909 1
2236 1
2222 1
2208 1
2231 1
2227 1
2223 1
2216 1
2213 1
2208 1
2228 1
2242 1
2223 1
2207 1
2226 1
2223 1
2234 1
2237 1
2208 1
2227 1
2208 1
2229 1
2201 1
2222 1
2234 1
2214 1
2919 1
2229 1
2224 1
2230 1
2224 1
2236 1
2230 1
2228 1
2209 1
2208 1
2204 1
2232 1
2236 1
2209 1
2213 1
2219 1
2236 1
2234 1
2901 1
2204 1
2220 1
2229 1
2232 1
2219 1
2892 1
2890 1
2230 1
2229 1
2236 1
2227 1
2244 1
2224 1
2231 1
2228 1
2213 1
2222 1
2209 1
2211 1
2228 1
2232 1
2213 1
2251 1
2214 1
2229 1
2907 1
2230 1
2224 1
2226 1
2222 1
2218 1
2224 1
2226 1
2232 1
2231 1
2210 1
2218 1
2237 1
2228 1
2224 1
2219 1
2211 1
2234 1
2230 1
2223 1
2224 1
2233 1
2213 1
2226 1
2238 1
2241 1
2231 1
2211 1
2885 1
2230 1
2209 1
2230 1
2234 1
2221 1
2229 1
2238 1
2208 1
2215 1
2229 1
2215 1
2226 1
2229 1
2235 1
2897 1
2888 1
2216 1
2224 1
2230 1
2238 1
2204 1
2899 1
2882 1
2229 1
